V1	V2	V3	V4	V5	V6	V7	V8
1	1	0.00146623016747557	0.00356620252453493	0.00197180827895935	0.0010522356004978	0.00364179203624195	-0.0068283254668759	-0.00447865069451381
2	0.00146623016747557	1	0.00154088007235729	0.00367288516389163	-0.00124330251946751	-0.00469065833906441	0.000695982709875612	0.00139401574206365
3	0.00356620252453493	0.00154088007235728	1	0.00265493054101726	-0.00361575470921798	-0.00153661559477309	0.00162213518862529	-0.00522384292947043
4	0.00197180827895935	0.00367288516389163	0.00265493054101726	1	0.00380199039978629	-0.00160354951093632	-0.00301111850743301	-0.00136836720966637
5	0.0010522356004978	-0.00124330251946751	-0.00361575470921798	0.00380199039978629	1	0.00221790655546978	-0.000867876525773812	-0.000501996358968304
6	0.00364179203624195	-0.00469065833906441	-0.00153661559477309	-0.00160354951093632	0.00221790655546978	1	-0.000805561998740673	0.00302692026811621
7	-0.0068283254668759	0.000695982709875612	0.00162213518862529	-0.00301111850743301	-0.000867876525773812	-0.000805561998740673	1	0.0103889021920204
8	-0.00447865069451381	0.00139401574206365	-0.00522384292947043	-0.00136836720966637	-0.000501996358968304	0.00302692026811621	0.0103889021920204	1
